0 0.5354223433242506 0.7138964577656677 0.40054495912806537 0.3242506811989101
0 0.5040871934604904 0.43119891008174394 0.3405994550408722 0.2493188010899182
0 0.6750681198910081 0.4591280653950955 0.053133514986376015 0.08991825613079023
0 0.7479564032697548 0.7608991825613078 0.051771117166212556 0.07765667574931882
0 0.23160762942779292 0.654632152588556 0.11716621253405997 0.09128065395095362
0 0.20572207084468666 0.7431880108991825 0.26975476839237056 0.21117166212534066
0 0.1907356948228883 0.5381471389645776 0.02452316076294281 0.021798365122615734
0 0.2643051771117167 0.44209809264305144 0.06811989100817435 0.04768392370572201
0 0.9427792915531336 0.5858310626702997 0.11444141689373297 0.5885558583106267
0 0.827656675749319 0.412125340599455 0.1376021798365124 0.23024523160762927
0 0.7227520435967303 0.32084468664850135 0.08038147138964576 0.05585831062670298
0 0.8474114441416893 0.5790190735694822 0.10081743869209804 0.08446866485013615
0 0.8841961852861036 0.7070844686648502 0.054495912806539336 0.07356948228882829
0 0.7404632152588556 0.37670299727520434 0.05040871934604908 0.028610354223433207
0 0.8862397820163488 0.8010899182561309 0.05585831062670295 0.06539509536784735
0 0.08855585831062669 0.39237057220708443 0.17166212534059944 0.1716621253405995
0 0.20027247956403268 0.33991825613079013 0.08719346049046321 0.06403269754768395
0 0.19141689373297005 0.42234332425068116 0.05585831062670298 0.07901907356948229
0 0.04836512261580381 0.6362397820163488 0.09673024523160761 0.07901907356948208
0 0.0667574931880109 0.5252043596730246 0.1335149863760218 0.12670299727520412
0 0.1505449591280654 0.6164850136239781 0.03950953678474116 0.04223433242506808
0 0.49795640326975493 0.19277929155313347 0.2275204359673026 0.18664850136239802
0 0.3583106267029973 0.24591280653950956 0.0517711171662123 0.07493188010899186
0 0.3712534059945502 0.15395095367847417 0.03405994550408707 0.07084468664850137
0 0.6321525885558583 0.23501362397820164 0.024523160762942878 0.025885558583106275
0 0.2649863760217982 0.5442779291553135 0.13215258855585868 0.12670299727520432
0 0.2963215258855586 0.3998637602179835 0.11035422343324264 0.09128065395095404
0 0.3126702997275205 0.32765667574931884 0.05040871934604911 0.05313351498637605
