0 0.07068062827225134 0.6230366492146595 0.14136125654450266 0.21727748691099424
0 0.22519765772084463 0.5788565328219555 0.11401921782082099 0.21925028514141454
0 0.49476439790575916 0.600130890052356 0.036649214659685896 0.21335078534031418
0 0.34424083769633507 0.5085078534031413 0.08115183246073317 0.07198952879581166
0 0.7670157068062828 0.5 0.4659685863874347 0.05759162303664923
0 0.593586387434555 0.42801047120418845 0.17931937172774867 0.044502617801047036
0 0.38997614090736166 0.29626944455895093 0.06850500199445245 0.02814702972359614
0 0.46465968586387435 0.4306282722513089 0.05497382198952885 0.04450261780104711
0 0.9692408376963351 0.7853403141361257 0.022251308900523695 0.02356020942408378
0 0.8697643979057591 0.41492146596858637 0.21073298429319365 0.0759162303664921
0 0.2475904507720877 0.3875995760712145 0.022403739127677406 0.014542778030246737
0 0.35410647364227316 0.38091775913839837 0.14031815558913732 0.027906411895878804
0 0.09138367275763146 0.4964738872706292 0.021617643017934327 0.026334219676392722
0 0.04657619450227658 0.2962159033135825 0.041270045761511186 0.0338021327189529
0 0.08116442333097161 0.36873326943738094 0.09944115788249791 0.05463367962714308
