0 0.423024523160763 0.7690735694822888 0.0967302452316077 0.05585831062670295
0 0.673024523160763 0.7452316076294278 0.09264305177111716 0.06811989100817442
0 0.5640326975476839 0.656675749318801 0.16621253405994538 0.1171662125340599
0 0.723433242506812 0.6049046321525886 0.0844686648501363 0.07084468664850142
0 0.547683923705722 0.4032697547683924 0.13351498637602177 0.11444141689373297
0 0.6069482288828338 0.24591280653950953 0.11035422343324257 0.09128065395095365
0 0.4822888283378747 0.25408719346049047 0.07629427792915536 0.1103542234332425
0 0.7193460490463215 0.3010899182561308 0.06267029972752056 0.04632152588555858
0 0.8896457765667575 0.29768392370572205 0.06811989100817442 0.058583106267029984
0 0.7758855585831063 0.39100817438692104 0.19482288828337857 0.11171662125340596
0 0.8044959128065394 0.22683923705722073 0.23841961852861032 0.05585831062670298
0 0.8501362397820164 0.5286103542234333 0.06539509536784749 0.08719346049046323
0 0.7002724795640327 0.5361035422343324 0.15531335149863765 0.06675749318801082
0 0.5701634877384196 0.5129427792915532 0.19209809264305178 0.09945504087193463
0 0.3290190735694823 0.696866485013624 0.1212534059945504 0.06948228882833775
0 0.24182561307901906 0.5326975476839237 0.03405994550408721 0.05177111716621255
0 0.2438692098092643 0.2895095367847411 0.12806539509536782 0.06403269754768388
0 0.10490463215258856 0.2377384196185286 0.06539509536784743 0.07493188010899185
0 0.21662125340599456 0.3569482288828338 0.05177111716621255 0.02452316076294281
0 0.08310626702997276 0.4850136239782016 0.04632152588555859 0.046321525885558615
0 0.015667574931880108 0.37329700272479566 0.031335149863760216 0.03542234332425068
