0 0.4410994764397905 0.543848167539267 0.3481675392670157 0.4908376963350785
0 0.25916230366492143 0.7264397905759162 0.19371727748691098 0.17277486910994752
0 0.6832460732984293 0.6701570680628274 0.14397905759162274 0.22513089005235584
0 0.7886125654450262 0.6668848167539266 0.045811518324607475 0.053664921465968546
0 0.8082460732984293 0.7401832460732984 0.08246073298429323 0.07198952879581157
0 0.020942408376963356 0.7421465968586388 0.03926701570680629 0.17539267015706822
0 0.10078534031413612 0.5726439790575917 0.04188481675392669 0.08246073298429316
0 0.9391361256544503 0.6799738219895288 0.11649214659685868 0.11387434554973815
0 0.13089005235602091 0.2421465968586387 0.2434554973821989 0.04188481675392669
0 0.75 0.34489528795811514 0.0837696335078536 0.0929319371727749
0 0.12041884816753928 0.31217277486911 0.21204188481675396 0.0405759162303665
0 0.4430628272251309 0.24541884816753926 0.2945026178010471 0.03795811518324605
