0 0.33774749826245964 0.5458109885753828 0.4264226577874616 0.3783619984468871
0 0.28533731661377265 0.6960299922140608 0.32686268263304824 0.3132739380503454
0 0.20574375230502726 0.6727604357546848 0.15940732159105636 0.2687681584965498
0 0.15013654709884516 0.839118657996515 0.05190005819243695 0.08433759456270991
0 0.6267548112114083 0.5245521538802792 0.1729486878528084 0.2029063304309878
0 0.5336027625006917 0.4105964408944092 0.06391516310932657 0.174695817692243
0 0.6713668033688214 0.5091106550340824 0.07540638131231817 0.2128374753597634
0 0.814885051257666 0.4767141837840705 0.057718351428332794 0.07228936676803557
0 0.7797128885656197 0.500195154039804 0.03993481034044419 0.056928599570908525
0 0.36954261430846846 0.18386900611746898 0.10767234693971024 0.07487769612492888
0 0.29368281480007624 0.16844386642008363 0.048034344045859115 0.026328061303235162
0 0.4417903108302436 0.2293782885192778 0.10764775076220551 0.08337204644912483
0 0.5268265317863873 0.2220167413704507 0.056185400622698445 0.041807225852744635
0 0.48485277941016613 0.14984593859674036 0.13222334315923354 0.04539383095827328
0 0.3810367278543511 0.16433061550622977 0.15709275842276804 0.04147038484192537
0 0.5666037633156555 0.1923371358317815 0.06131579558526616 0.019917518386237686
0 0.2636138948245043 0.16323898312458593 0.017757370986557584 0.010363196858881617
0 0.5830583566312658 0.2242371892274387 0.010672117799874101 0.02360692086287284
0 0.5769671479880977 0.2217215497767408 0.03158015202342748 0.01506295669215603
0 0.14996804041640233 0.50418982187639 0.04212667061074425 0.049709471320678274
