0 1.2652091492875197 0.6158140074171811 0.5605897290028314 0.12763414140054385
0 0.7235026893848668 0.7981775577761104 0.38362923490249984 0.12927252381489696
0 0.488992445379007 0.7369207772028029 0.16630841891271042 0.031021525089622658
0 0.5326938268081052 0.7403800530613842 0.16218249957734693 0.044367206096195495
0 0.9594052083205554 0.6626533972823616 0.03370133648859536 0.049020125801593296
0 1.1094903862256442 0.5061623239407649 0.5330810577317502 0.0981418919094117
0 0.46142303731024287 0.30279888836755253 0.47801182370785134 0.2785361381949784
0 0.47023344906529474 0.21927915333569026 0.16227292116096156 0.07627486119872592
0 0.6940642807784881 0.3766225358430488 0.013229863497589065 0.03272650444140446
0 0.6327891235264963 0.3136066070782165 0.06475670027767301 0.029244961415723233
0 0.5725584291822091 0.37105206700195864 0.022281875364360673 0.021585566759224337
0 0.5060609573916954 0.41700843494095224 0.02437080117976933 0.020192949548951802
0 0.5892698357054796 0.46575003730049114 0.016711406523270397 0.0188003323386792
0 0.6331372778290644 0.44799416786951624 0.013926172102725332 0.009748320471907802
0 0.5993663104799554 0.4378976930950404 0.06057884864685534 0.02715603560031454
0 0.49979417994546904 0.3654815981608685 0.028548652810587 0.025763418390041936
0 0.5572396398692112 0.3212660017347154 0.013926172102725403 0.013926172102725332
0 0.08042364389323894 0.2572056100621786 0.1608472877864779 0.1615435963916138
0 0.025285902126033627 0.35695905678559364 0.05057180425206706 0.04288875613710033
0 0.16314510618342773 0.20543506527029728 0.016850668244297696 0.022212244503846998
0 0.05962201383384115 0.5081649904895715 0.026958022364004696 0.0737160797986823
0 0.10092707744922112 0.6054668790621356 0.028545032005840323 0.02242823943316033
0 0.2610560163988059 0.7188387381364649 0.0995434299477205 0.23428257114832307
0 0.19546311536458025 0.6750999484021527 0.03273291905260813 0.11089434357503754
0 0.20124717323909047 0.851889210156465 0.2830912265042016 0.03201678255203719
0 0.35191191878644845 0.7791369409853153 0.08018921909418665 0.138730971165891
0 0.1923970228596152 0.8328899390194033 0.14527056108051808 0.059664694729496495
0 0.052314696103400796 0.854723758467513 0.04323528603586812 0.015997055833268364
0 0.3313984674649333 0.8212164117897199 0.030697053085466802 0.01988823157649975
0 0.38890139789263856 0.843914936958551 0.01599705583327129 0.02204999587829306
0 0.0709058690988246 0.6474105619255281 0.012105880090043222 0.012105880090043115
0 0.0287730828568706 0.47329961425416994 0.05179154914236708 0.024169389599771236
0 0.12181239193603745 0.5834886318923246 0.011414115513469323 0.009987351074285727
0 0.1795963517229759 0.5896712777954538 0.01474323253823119 0.012840879952652954
0 0.3341807675540877 0.19232215313934917 0.04037083097968843 0.03027812323476635
0 0.022630029666928734 0.7506649722873365 0.04526005933385747 0.08564595843176093
