0 0.4679319371727746 0.533376963350785 0.4253926701570674 0.5693717277486915
0 0.5100804696682792 0.8358083316479309 0.7286808548493551 0.14267015706806335
0 0.181282722513089 0.8907068062827225 0.09031413612565446 0.106020942408377
0 0.2670157068062827 0.9214659685863874 0.0968586387434555 0.039267015706806206
0 0.2539267015706806 0.5700261780104712 0.03141361256544499 0.41230366492146603
0 0.22840314136125656 0.6335078534031414 0.035340314136125706 0.2827225130890052
0 0.20876963350785338 0.6721204188481675 0.02486910994764397 0.19502617801047115
0 0.18782722513089006 0.7513089005235603 0.06675392670157068 0.041884816753926656
0 0.7519633507853402 0.20615183246073301 0.1348167539267017 0.0824607329842932
0 0.3547204573103915 0.22779926887730162 0.17206303548408614 0.0569707040566038
0 0.5003122565661566 0.24448765693428653 0.1835722686268344 0.02244300462835902
0 0.29516017579666937 0.18291325962058347 0.04258416262816848 0.027046697885458357
0 0.3279614902535018 0.1883801453633889 0.027622159542595705 0.02301846628549647
0 0.3547204573103916 0.1935593002776256 0.03049946782828293 0.01381107977129787
0 0.4816097527091908 0.22693607639159552 0.08747017188488662 0.016112926399847537
0 0.4560017089665759 0.21456365076314118 0.04431054759958073 0.013235618114160488
0 0.7748137970989313 0.5258949373183719 0.19761238213767424 0.4672230740464382
0 0.7560482801905084 0.27236897418825534 0.16008134832082802 0.0459563679389937
0 0.6167344577412959 0.12848634536276995 0.021905868717586898 0.022748402129801892
0 0.6773968634207677 0.1562899479658612 0.08593840804591835 0.024433468954231687
0 0.6403253932833127 0.13775421289713374 0.0488669379084633 0.01600813483208281
0 0.674869263184123 0.17861708338955565 0.03707147013745498 0.03538640331302517
0 0.8404270786843479 0.23001162153466365 0.048024404496248396 0.06066240567947169
