0 0.33908501081900155 0.10303218019458622 0.2646343603113814 0.2049442003636397
0 0.5119245650618828 0.2954359839333034 0.42680939641303967 0.19613495384298635
0 0.6432979775416188 0.3965873437768559 0.5020561397112921 0.07031253062295739
0 0.6858555618660381 0.602553747317048 0.41694097106244427 0.44277163630098515
0 0.6148926998183011 0.881977972727979 0.04855684250874722 0.05921283264555106
0 0.6151056167702148 0.12420015387823657 0.20230271968710364 0.1480263802588566
0 0.77530461483012 0.20944220557622045 0.1896413602245053 0.08413538157830686
0 0.2855675585827129 0.25699002574170865 0.06537831794766212 0.08388161548001939
0 0.4502469066206915 0.5980674769214924 0.046875020415305946 0.05057567992177754
0 0.16975921063338376 0.0837973575625851 0.08658320831421357 0.09867724431282367
0 0.7881471389645776 0.9693460490463215 0.21389645776566765 0.05313351498637587
0 0.8440054495912807 0.9107629427792915 0.1076294277929155 0.05858310626703002
