0 0.5320680628272251 0.5045811518324608 0.32068062827225124 0.8494764397905761
0 0.3089005235602095 0.32722513089005234 0.14659685863874347 0.45287958115183247
0 0.20287958115183244 0.1858638743455497 0.08900523560209425 0.1387434554973822
0 0.3272251308900524 0.7774869109947644 0.04188481675392669 0.04973821989528801
0 0.33638743455497383 0.6452879581151834 0.10732984293193713 0.06282722513089013
0 0.7787958115183246 0.4600785340314133 0.191099476439792 0.603403141361256
0 0.7316753926701572 0.14856020942408382 0.10471204188481717 0.0589005235602095
0 0.5582460732984293 0.0693717277486911 0.15575916230366488 0.028795811518324603
0 0.7277486910994765 0.9620418848167539 0.039267015706806345 0.039267015706806206
0 0.736910994764398 0.8416230366492147 0.12041884816753921 0.1570680628272251
0 0.5674083769633508 0.9770942408376964 0.053664921465968546 0.04057591623036643
