0 0.3708894188433017 0.19597381159765356 0.23841961852861032 0.1416893732970027
0 0.49275235923017674 0.32281384308329597 0.37059730719649336 0.1162432547417572
0 0.6169381628237286 0.4743495837274243 0.4462027009820011 0.1890242510636427
0 0.5259422147076078 0.5536074480484112 0.06728471829948077 0.061677658441190525
0 0.6100481125819586 0.5967818089572446 0.026913887319792308 0.020185415489844233
0 0.5988339928653785 0.8401282068070333 0.022428239433160187 0.017942591546528205
0 0.8169486213528618 0.7324726575278641 0.36445889078885396 0.282595816857819
0 0.5715687722175405 0.18513871666864637 0.11997204053172583 0.08130423100296696
0 0.7656460447247513 0.30691676829195386 0.1281439070032766 0.04559730840934371
0 0.9298154852845701 0.4441378343354732 0.02898419332459019 0.022451232269343903
0 0.9072222850713318 0.5844462772690066 0.02018541548984416 0.02018541548984416
0 0.2343751020765245 0.13868501853494672 0.0291567112631083 0.021306827461502264
0 0.2495575387557193 0.2648957102082937 0.028502638603571825 0.07002910710453332
0 0.3543995726862789 0.45268944208419704 0.06163401219318862 0.07732117976062107
0 0.4944536212261598 0.739918516359278 0.04731407241202953 0.14724506072680937
0 0.5965911689220624 0.6831305307749115 0.06728471829948063 0.1390550844855934
0 0.3061454682626373 0.3248394058301767 0.03139953520642429 0.03924941900803045
0 0.8281627410694419 0.4549231945425062 0.054949186611242734 0.03700659506471446
0 0.9470324100651911 0.539589798402686 0.025792475348134333 0.013456943659896225
