0 0.43460490463215257 0.7016348773841962 0.2397820163487739 0.17166212534059952
0 0.22752043596730245 0.7540871934604906 0.1498637602179837 0.11580381471389657
0 0.705040871934605 0.7070844686648502 0.27656675749318793 0.1280653950953679
0 0.47556021844218643 0.4533099231883842 0.3909062813672992 0.3060972991258677
0 0.9543596730245233 0.717983651226158 0.0803814713896459 0.06267029972752028
0 0.7476458674671906 0.4382079754044663 0.10762942779291511 0.2673535902323053
0 0.12602179836512262 0.25340599455040874 0.2247956403269755 0.03269754768392371
0 0.4257493188010899 0.24795640326975477 0.262942779291553 0.03814713896457768
0 0.7649863760217984 0.23841961852861032 0.2738419618528611 0.04632152588555858
0 0.02452316076294278 0.7057220708446866 0.04904632152588556 0.23705722070844693
0 0.0885558583106267 0.3732970027247957 0.1771117166212534 0.17166212534059944
