0 0.5021790009567629 0.8005776358150866 0.2970027247956402 0.24386920980926505
0 0.24066310687459228 0.3851485488828226 0.3991825613079009 0.31955701758308025
0 0.39259371042791585 0.6247134597127013 0.3283378746593997 0.16828230571983113
0 0.7492505806931803 0.652625407651334 0.23109766381165303 0.1280653950953681
0 0.7009536784741144 0.3317438692098093 0.20027247956403257 0.11580381471389646
0 0.6737057220708447 0.42983651226158043 0.08855585831062668 0.07493188010899182
0 0.5395095367847411 0.29291553133514986 0.09536784741144409 0.07356948228882831
0 0.09400544959128064 0.7064032697547686 0.18801089918256128 0.17574931880109
0 0.05653950953678468 0.43732970027247975 0.11307901907356936 0.10626702997275185
0 0.6505449591280654 0.532016348773842 0.03678474114441428 0.04768392370572208
0 0.24863760217983655 0.794959128065395 0.10762942779291557 0.16485013623978204
