0 0.7111716621253406 0.08651226158038146 0.1689373297002725 0.16757493188010897
0 0.730926430517711 0.03610354223433243 0.21389645776566762 0.06948228882833789
0 0.6021798365122616 0.04291553133514986 0.054495912806539405 0.039509536784741145
0 0.5926430517711172 0.08787465940054495 0.08446866485013622 0.05040871934604905
0 0.5660762942779292 0.1444141689373297 0.1348773841961853 0.09264305177111716
0 0.7813351498637602 0.10899182561307902 0.07493188010899175 0.051771117166212556
0 0.4720708446866485 0.15735694822888285 0.06130790190735695 0.07765667574931882
0 0.4182561307901908 0.17847411444141692 0.07356948228882836 0.05722070844686652
0 0.6314713896457765 0.2091280653950954 0.23297002724795632 0.19754768392370572
0 0.4420980926430518 0.2622615803814714 0.17029972752043598 0.1103542234332425
0 0.3017711171662125 0.15258855585831063 0.2002724795640327 0.07629427792915532
0 0.17302452316076292 0.15667574931880107 0.024523160762942774 0.05722070844686646
0 0.35967302452316074 0.6280653950953675 0.3923705722070845 0.5449591280653944
0 0.5783378746594007 0.44482288828337874 0.15940054495912812 0.25476839237057214
0 0.673024523160763 0.40054495912806537 0.04359673024523175 0.2016348773841962
0 0.3964577656675749 0.9455040871934606 0.11716621253405997 0.0844686648501363
0 0.5926430517711171 0.6335149863760218 0.046321525885558615 0.10081743869209817
0 0.32765667574931884 0.27997275204359673 0.08038147138964576 0.028610354223433276
0 0.7602179836512261 0.20844686648501362 0.02452316076294281 0.029972752043596743
