0 0.809295701855372 0.7532556888302355 0.3460490463215248 0.1625116906581429
0 0.7895095367847412 0.5354223433242506 0.39645776566757507 0.2016348773841962
0 0.7261580381471388 0.3916893732970027 0.25340599455040863 0.12942779291553103
0 0.1519073569482289 0.6927792915531336 0.25476839237057225 0.23841961852861046
0 0.2107239874603951 0.3754284042614748 0.1501865418449527 0.3215869981670765
0 0.3467302452316076 0.3140326975476839 0.1757493188010899 0.1594005449591281
0 0.3576294277929155 0.21730245231607634 0.23569482288828314 0.10217983651226152
0 0.7224361109144593 0.31782972316540514 0.3009299958774924 0.12942779291553183
0 0.7901228200550395 0.2296152627391364 0.06305692555494796 0.14821960361674208
0 0.2554495912806538 0.46253405994550384 0.10217983651226131 0.0885558583106266
0 0.21117166212534058 0.547683923705722 0.06267029972752045 0.043596730245231544
0 0.5728882833787466 0.7690735694822888 0.050408719346049013 0.09128065395095376
0 0.9155313351498637 0.37874659400544963 0.10081743869209844 0.0980926430517707
